73400323
77594627
77594627
62914563
58720259
54525955
81788931
81788931
69206019
69206019
69206019
8388611
8388611
54525955
8388611
8388611
8388611
96468995
96468995
96468995
96468995
96468995
81788931
83886083
67108867
67108867
67108867
67108867
67108867
67108867
67108867
67108867
67108867
65011715
65011715
67108867
67108867
67108866
67108866
67108866
67108866
69206019
69206019
67108867
69206019
69206019
69206019
67108867
69206019
69206019
69206019
69206019
69206019
69206019
69206019
69206019
69206019
77594627
77594627
77594627
77594627
75497475
73400323
73400323
73400323
73400323
73400323
73400323
73400323
73400323
73400323
73400323
73400323
73400323
73400323
73400323
73400323
73400323
73400323
73400323
73400323
73400323
73400323
54525955
136314883
81788931
81788931
73400323
79691779
73400323
8388611
8388611
8388611
88080387
127926275
127926275
88080387
90177539
90177539
71303171
71303171
71303171
71303171
71303171
75497475
75497475
75497475
75497475
75497475
75497475
77594627
77594627
92274691
92274691
65011715
65011715
71303170
73400322
73400322
67108867
69206019
69206019
69206019
69206019
67108867
69206019
69206019
65011715
8388611
71303171
58720259
58720259
58720259
58720259
58720259
71303171
71303171
71303171
71303171
60817411
60817411
60817411
8388611
58720259
71303171
71303171
71303171
71303171
71303171
71303171
71303171
71303171
62914562
62914562
62914562
62914562
62914562
62914562
62914562
62914562
62914562
71303171
8388611
62914563
8388611
8388611
67108867
8388611
71303170
62914562
62914562
62914562
69206018
69206018
69206018
60817410
60817410
60817410
60817410
60817410
60817410
60817410
8388611
8388611
8388611
8388611
8388611
8388611
58720259
58720259
8388611
69206019
69206019
69206019
71303170
71303170
71303170
8388611
8388611
8388611
8388611
67108867
8388611
8388611
8388611
67108867
67108867
71303171
65011715
67108867
67108867
8388611
8388611
8388611
71303171
71303171
71303171
71303171
67108867
67108867
67108867
67108867
67108867
67108867
67108867
8388611
8388611
8388611
65011715
65011715
71303171
71303171
71303171
71303171
71303171
71303171
67108867
69206019
69206019
69206019
69206019
69206019
69206019
8388611
8388611
8388611
8388611
8388611
71303171
67108867
8388611
8388611
8388611
8388611
8388611
8388611
71303171
67108867
67108867
67108867
67108867
67108867
67108867
67108867
67108867
67108867
67108867
67108867
67108867
67108867
67108867
